Hello
Hello
Echo
exit'
exit
['123 123\n', '\n', 'asdasd\n', '\n', '111 123\n']['123 123\n', 'asdasd\n', '111 123\n']ALL
4.76 0.04 49.20
4.71 0.04 49.20
4.67 0.03 49.19
4.63 0.03 49.19
4.58 0.03 49.19
4.54 0.03 49.19
4.49 0.03 49.19
4.44 0.03 49.19
4.40 0.03 49.19
4.35 0.03 49.19
4.30 0.03 49.19
4.26 0.03 49.20
4.21 0.03 49.20
4.16 0.03 49.20
4.11 0.03 49.21
4.06 0.03 49.21
4.02 0.03 49.21
3.97 0.03 49.21
3.92 0.03 49.21
3.87 0.03 49.23
3.82 0.03 49.23
3.76 0.02 49.21
3.71 0.02 49.21
3.66 0.02 49.21
3.60 0.02 49.21
3.55 0.02 49.21
3.50 0.02 49.21
3.44 0.02 49.22
3.39 0.02 49.22
3.33 0.02 49.22
3.28 0.02 49.22
3.22 0.02 49.22
3.17 0.02 49.23
3.11 0.02 49.23
3.05 0.02 49.23
2.99 0.02 49.23
2.93 0.02 49.24
2.88 0.02 49.24
2.82 0.02 49.23
2.75 0.02 49.23
2.69 0.02 49.23
2.63 0.02 49.23
2.57 0.02 49.24
2.51 0.01 49.24
2.44 0.01 49.24
2.38 0.01 49.24
2.32 0.01 49.24
2.25 0.01 49.24
2.19 0.02 49.25
2.12 0.01 49.26
2.05 0.01 49.24
1.98 0.01 49.24
1.92 0.01 49.24
1.85 0.01 49.24
1.78 0.01 49.25
1.71 0.01 49.25
1.64 0.01 49.25
1.57 0.01 49.25
1.49 0.01 49.25
1.42 0.01 49.25
1.35 0.01 49.25
1.27 0.01 49.25
1.20 0.01 49.25
1.12 0.01 49.26
1.04 0.01 49.26
0.96 0.01 49.26
0.89 0.01 49.26
0.81 0.00 49.25
0.73 0.00 49.24
0.64 0.00 49.24
0.56 0.00 49.24
0.48 0.00 49.24
0.40 0.00 49.24
0.31 0.00 49.24
0.23 0.00 49.24
0.14 0.00 49.24
0.05 0.00 49.24
0.04 0.00 49.24
0.13 0.00 49.23
0.22 0.00 49.23
0.31 0.00 49.23
0.40 0.00 49.23
0.49 0.00 49.23
0.59 0.00 49.23
0.68 0.00 49.23
0.78 0.00 49.22
0.88 0.00 49.21
0.98 0.00 49.21
1.08 0.00 49.21
1.18 0.01 49.20
1.28 0.01 49.20
1.39 0.01 49.20
1.49 0.01 49.19
1.60 0.01 49.19
1.70 0.01 49.18
1.81 0.01 49.18
1.92 0.01 49.17
2.03 0.01 49.16
2.15 0.01 49.16
2.26 0.01 49.15
2.38 0.01 49.14
2.49 0.01 49.14
2.61 0.01 49.13
2.73 0.01 49.12
2.85 0.01 49.12
2.98 0.01 49.11
3.10 0.02 49.10
3.23 0.02 49.09
3.36 0.01 49.08
3.49 0.01 49.07
3.62 0.01 49.06
3.75 0.02 49.05
3.88 0.02 49.03
4.02 0.02 49.02
4.16 0.02 49.01
4.30 0.02 49.00
4.44 0.02 48.98
4.58 0.02 48.97
4.73 0.02 48.95
4.88 0.02 48.94
5.03 0.02 48.92
5.18 0.02 48.91
5.33 0.02 48.89
5.49 0.02 48.87
5.65 0.02 48.85
5.81 0.02 48.83
5.97 0.02 48.81
6.14 0.02 48.79
6.30 0.02 48.77
6.47 0.03 48.74
6.64 0.03 48.72
6.82 0.03 48.70
7.00 0.02 48.67
7.18 0.03 48.64
7.36 0.03 48.61
7.54 0.03 48.58
7.73 0.03 48.55
7.92 0.03 48.52
8.11 0.03 48.49
8.31 0.03 48.46
8.51 0.03 48.42
8.71 0.04 48.38
8.92 0.03 48.35
9.12 0.03 48.31
9.33 0.03 48.26
9.55 0.03 48.22
9.77 0.04 48.18
9.99 0.04 48.13
10.21 0.05 48.08
10.44 0.05 48.03
10.67 0.05 47.98
10.91 0.05 47.93
11.15 0.04 47.87
11.39 0.05 47.82
11.63 0.05 47.76
11.88 0.05 47.69
12.14 0.05 47.63
12.40 0.05 47.56
12.66 0.05 47.49
12.92 0.06 47.42
13.19 0.06 47.34
13.47 0.06 47.27
13.75 0.06 47.18
14.03 0.06 47.10
14.32 0.06 47.01
14.61 0.06 46.92
14.91 0.06 46.83
15.21 0.06 46.73
15.52 0.07 46.63
15.83 0.12 46.52
16.14 0.12 46.41
16.47 0.12 46.30
16.79 0.12 46.18
17.12 0.12 46.06
17.46 0.12 45.93
17.80 0.13 45.80
18.15 0.13 45.66
18.50 0.12 45.52
18.86 0.12 45.37
19.23 0.12 45.22
19.60 0.12 45.06
19.97 0.12 44.89
20.35 0.12 44.72
20.74 0.12 44.54
21.13 0.13 44.35
21.53 0.13 44.16
21.93 0.13 43.96
22.34 0.13 43.75
22.76 0.14 43.54
23.18 0.14 43.32
23.61 0.14 43.08
24.04 0.15 42.84
24.48 0.16 42.59
24.92 0.18 42.33
25.37 0.20 42.06
25.82 0.23 41.78
26.28 0.24 41.49
26.75 0.27 41.19
27.22 0.31 40.88
27.69 0.32 40.56
28.17 0.34 40.23
28.65 0.40 39.88
29.14 0.41 39.52
29.64 0.45 39.15
30.13 0.51 38.76
30.63 0.54 38.37
31.13 0.59 37.96
31.64 0.63 37.53
32.15 0.67 37.09
32.66 0.73 36.64
33.17 0.82 36.17
33.68 0.87 35.69
34.20 0.97 35.19
34.71 1.08 34.67
35.23 1.09 34.14
35.75 1.10 33.60
36.26 1.14 33.04
36.84 0.08 32.50
37.35 0.08 31.91
37.87 0.05 31.30
38.38 0.05 30.68
38.88 0.06 30.04
39.38 0.06 29.38
39.87 0.06 28.71
40.36 0.05 28.02
40.84 0.05 27.31
41.31 0.05 26.59
41.78 0.05 25.86
42.23 0.06 25.11
42.65 0.38 24.33
43.06 0.76 23.55
43.49 0.76 22.76
43.90 0.77 21.95
44.29 0.77 21.14
44.68 0.79 20.31
45.05 0.78 19.48
45.40 0.79 18.63
45.75 0.81 17.78
46.07 0.81 16.91
46.38 0.81 16.04
46.67 0.83 15.17
46.95 0.92 14.28
47.20 0.97 13.40
47.44 1.03 12.51
47.67 1.09 11.62
47.94 0.11 10.73
48.13 0.11 9.84
48.31 0.12 8.94
48.46 0.12 8.05
48.61 0.01 7.16
48.73 0.00 6.27
48.84 0.00 5.39
48.93 0.00 4.51
49.00 0.00 3.63
49.06 0.01 2.77
49.10 0.01 1.91
49.12 0.01 1.06
49.14 0.01 0.21
49.13 0.01 0.62
49.12 0.01 1.45
49.08 0.01 2.26
49.04 0.01 3.07
48.99 0.01 3.86
48.92 0.02 4.64
48.84 0.02 5.41
48.75 0.02 6.17
48.65 0.02 6.92
48.54 0.02 7.65
48.42 0.02 8.37
48.29 0.02 9.07
48.16 0.02 9.77
48.01 0.03 10.45
47.86 0.02 11.12
47.71 0.02 11.77
47.54 0.05 12.41
47.33 0.84 13.03
47.20 0.05 13.66
46.98 0.82 14.25
46.84 0.04 14.85
46.65 0.06 15.43
46.46 0.07 15.99
46.27 0.04 16.54
46.07 0.06 17.08
45.87 0.07 17.61
45.67 0.05 18.13
45.47 0.05 18.63
45.26 0.06 19.12
45.06 0.01 19.61
44.85 0.01 20.08
44.64 0.01 20.54
44.43 0.08 20.98
44.23 0.00 21.42
44.01 0.06 21.85
43.78 0.54 22.26
43.57 0.54 22.67
43.36 0.53 23.07
43.16 0.53 23.46
42.95 0.53 23.84
42.74 0.58 24.21
42.53 0.58 24.57
42.33 0.57 24.93
42.12 0.58 25.27
41.92 0.57 25.61
41.71 0.58 25.94
41.51 0.56 26.27
41.31 0.56 26.58
41.12 0.56 26.89
40.92 0.58 27.19
40.72 0.55 27.49
40.53 0.55 27.77
40.33 0.58 28.06
40.14 0.51 28.33
39.95 0.52 28.60
39.77 0.52 28.86
39.58 0.56 29.12
39.40 0.56 29.37
39.21 0.50 29.62
39.03 0.51 29.86
38.85 0.52 30.09
38.67 0.46 30.32
38.50 0.46 30.55
38.32 0.46 30.77
38.15 0.46 30.98
37.98 0.49 31.19
37.81 0.49 31.40
37.65 0.49 31.60
37.48 0.25 31.80
37.32 0.24 31.99
37.15 0.25 32.18
36.99 0.25 32.36
36.84 0.25 32.55
36.68 0.26 32.72
36.52 0.26 32.90
36.37 0.27 33.07
36.22 0.25 33.24
36.07 0.26 33.40
35.92 0.26 33.56
35.78 0.31 33.72
35.63 0.33 33.88
35.49 0.34 34.03
35.35 0.26 34.17
35.21 0.30 34.32
35.07 0.25 34.46
34.93 0.25 34.60
34.79 0.23 34.74
34.66 0.24 34.88
34.53 0.24 35.01
34.40 0.20 35.14
34.27 0.20 35.26
34.14 0.20 35.39
34.01 0.21 35.51
33.89 0.21 35.63
33.77 0.21 35.75
33.64 0.20 35.87
33.52 0.20 35.98
33.40 0.20 36.09
33.29 0.21 36.21
33.17 0.21 36.31
33.05 0.23 36.42
32.94 0.23 36.53
32.83 0.21 36.63
32.72 0.22 36.73
32.61 0.23 36.83
32.51 0.34 36.94
32.40 0.35 37.04
32.29 0.36 37.13
32.18 0.28 37.22
32.08 0.31 37.31
31.98 0.31 37.40
31.88 0.31 37.49
31.78 0.32 37.58
31.67 0.30 37.66
31.58 0.30 37.75
31.48 0.30 37.83
31.38 0.30 37.92
31.29 0.30 38.00
31.18 0.22 38.07
31.09 0.22 38.14
31.01 0.28 38.23
30.92 0.30 38.31
30.82 0.20 38.37
30.73 0.20 38.44
30.64 0.21 38.52
30.55 0.24 38.59
30.46 0.17 38.65
30.37 0.17 38.72
30.29 0.18 38.79
30.21 0.18 38.86
30.12 0.18 38.93
30.04 0.21 39.00
29.96 0.22 39.06
29.89 0.24 39.13
29.81 0.25 39.20
29.72 0.18 39.24
29.65 0.21 39.31
29.57 0.21 39.37
29.49 0.21 39.43
29.42 0.21 39.49
29.34 0.22 39.55
29.27 0.22 39.61
29.20 0.24 39.67
29.12 0.21 39.72
29.05 0.21 39.77
28.99 0.28 39.84
28.92 0.29 39.90
28.84 0.24 39.94
28.78 0.26 40.00
28.71 0.28 40.05
28.65 0.28 40.11
28.57 0.23 40.14
28.51 0.26 40.20
28.45 0.27 40.25
28.38 0.28 40.30
28.32 0.28 40.35
28.25 0.24 40.39
28.18 0.24 40.43
28.12 0.25 40.48
28.07 0.28 40.54
28.01 0.29 40.59
27.93 0.21 40.61
27.88 0.24 40.66
27.82 0.24 40.71
27.76 0.25 40.75
27.71 0.29 40.81
27.66 0.30 40.86
27.61 0.32 40.91
27.58 0.43 41.00
27.46 0.21 40.95
27.41 0.21 40.99
27.35 0.21 41.03
27.33 0.32 41.11
27.27 0.32 41.15
27.19 0.20 41.14
27.13 0.21 41.18
27.09 0.25 41.24
27.04 0.26 41.28
26.99 0.26 41.31
26.95 0.28 41.36
26.90 0.28 41.40
26.85 0.29 41.44
26.77 0.22 41.44
26.73 0.24 41.49
26.70 0.28 41.54
26.62 0.21 41.54
26.58 0.21 41.57
26.53 0.21 41.61
26.48 0.20 41.64
26.43 0.20 41.67
26.38 0.20 41.70
26.34 0.21 41.74
26.33 0.31 41.83
26.30 0.36 41.89
26.26 0.36 41.93
26.14 0.17 41.85
26.10 0.18 41.88
26.06 0.19 41.91
26.02 0.20 41.95
25.98 0.21 41.99
25.97 0.28 42.06
25.92 0.28 42.09
25.88 0.28 42.12
25.87 0.34 42.20
25.78 0.25 42.16
25.74 0.25 42.19
25.70 0.26 42.22
25.71 0.36 42.33
25.61 0.21 42.25
25.58 0.25 42.30
25.55 0.26 42.34
25.54 0.33 42.42
25.45 0.21 42.35
25.41 0.21 42.38
25.37 0.22 42.41
25.35 0.24 42.46
25.35 0.33 42.55
25.26 0.21 42.48
25.23 0.23 42.53
25.19 0.23 42.55
25.16 0.23 42.58
25.12 0.23 42.60
quit
